2533.780545413032 -1210.4217890357409
2812.215137440192 -1398.2271398885944
2956.551061102079 -1678.985416716458
279.696677318163 -867.0516030898102
97.53519348299778 -326.47378176175425
378.0074326144395 -1321.8179406407453
-756.5127947882875 -2631.4014702808577
-1486.15377772252 -1982.8643454518442
-1890.4551119442658 -1222.251830312789
-978.0144000123328 -8.251160818985227
-2643.741693185696 535.3725004911685
-2101.5186005827836 1980.8121916364944
-1279.3086526752566 1783.762160506737
-1668.8155018805073 2796.829749175631
1376.949849747808 2794.229735478096
368.59892211992747 644.463176947816
1562.618945277316 2414.812408806877
2120.0001692894784 2998.157884055723
2295.676799260872 2092.751474939205
2983.212276829465 2434.4389648263477