2371.255996396464 -321.4779518463997
1848.991526570222 -357.84810810003773
905.2578548125475 -206.58940556772905
2685.1726438742735 -710.6558567268048
2089.2542204689526 -553.450199957851
2319.775205606403 -702.1310525405515
1577.473719787764 -705.3947614758931
2343.4745796202196 -1112.9304332844372
1498.3533262033143 -763.1976306387828
2917.2916615561608 -1890.772520322281
2602.6266173810764 -2106.6730569046904
2921.3202090638442 -2725.5490752714927
2822.6169390122823 -2889.803862011776
1684.5438138069085 -1844.2987304926974
1594.3022616301741 -1757.4186762541622
1101.1703927140588 -1392.3510869411166
2039.121049667643 -2699.575522806465
151.80533252628038 -204.73666836341454
1517.2101592007612 -2096.3043525521252
1083.0526653001743 -1740.0814760803253
121.12854489265601 -199.69834108791747
943.61089261092 -1987.4805858998475
647.2650446559219 -2419.1477780007554
34.89066687088598 -2964.3462950065004
3.6101272337473347 -1670.5552935244264
-37.44746279889159 -1954.0490419358089
-194.13020145579958 -2080.345402669561
-295.080602866351 -2917.309724754297
-357.4605179383693 -2700.099915373998
-369.09374917839114 -1639.6949227349103
-769.0815631243836 -2466.70562675984
-641.4574492868283 -1455.7895459922288
-949.5432369049959 -2022.8551207303517
-530.0522143892454 -1024.4923831520766
-776.2196252366248 -1476.29779109125
-1211.1170419390996 -1925.9907643656977
-1592.8897499082343 -2448.054405310907
-1478.8095948848982 -2069.735954866689
-1148.7985263302478 -1104.8807033248877
-483.7124453724641 -448.5510839573267
-1010.5843752965716 -838.6086482326882
-2633.807984953371 -1707.3869096954322
-2793.2570655356103 -1666.0474316805735
-1929.8858365621907 -1107.5928319574657
-1503.8402773342934 -687.1063075934244
-2143.760365879398 -964.788170986676
-1814.4842702105764 -709.6114747443812
-2193.26828943249 -799.0578921679335
-2574.9750231230364 92.32994405748786
-1552.5264372089523 423.1924510249628
-2201.6295042639895 822.7390785704529
-811.9594934580987 307.81163205433904
-2671.849765721298 1143.8928498670584
-2818.5445372501886 1876.2763744871982
-1222.8573503495659 877.5613448959025
-1887.897658387294 1536.0829085599444
-2832.2871336592784 2325.4092736134025
-2668.9710841663446 2370.7313432035417
-2518.2584221273974 2356.6128355824467
-1152.2396676211195 1102.1703176417168
-1122.1067117375615 1160.7295854928716
-2124.7055904175286 2313.790929983431
-2360.767678966785 2836.2072528086446
-2313.075597509674 2826.1766720241285
-362.83284080875046 500.3262619965867
-1047.8669810493548 1722.5836969223647
-758.9346749154961 1606.895935875259
-839.2856705636154 1787.921026651683
-1075.6211424843927 2342.6524913439043
-934.2428126367463 2822.5198063566213
-525.8909714273427 1681.223167330615
-363.4407091167777 1295.6043758705946
-640.5370107600593 2693.356383360263
-413.94522250363616 2264.9521850768506
-175.13845762173833 958.9659240702622
-510.3453105861536 2872.715584667383
-374.0358588285171 2709.8274067798493
-312.1800059247216 2792.107204527393
263.7572551546059 1771.7396684485502
1015.6910660952594 2138.31588847045
1316.978533313316 2769.8596227103535
865.2539113633143 1774.5136059781862
1637.158040039525 2421.6840643451096
1532.7116786030447 2123.3330982161924
2229.963816701257 2919.234362381
1670.3422660207088 2088.249906986027
1983.1239260833436 2334.7736957389743
1578.4521382295934 1749.8089354049334
721.0949189038788 723.1868364317115
1665.4494135757059 1568.012005613189
844.0163727052404 787.5222839638641
2414.8398712377275 2207.107967344764
2232.564026897211 2004.89743045266
2929.6357277950638 2628.8633648243385
2744.7189403422362 2374.75899714163
2236.6526679853796 1815.3375346346156
2539.0689437439005 1549.451899459702
2371.4865919041904 945.7870912994008
1622.995934591766 292.7160354685616
2271.1921470976877 43.33394273369049
